%YAML:1.0
---
stop_sign_hog_detector: !!opencv-object-detector-hog
   winSize: [ 64, 64 ]
   blockSize: [ 16, 16 ]
   blockStride: [ 8, 8 ]
   cellSize: [ 8, 8 ]
   nbins: 9
   derivAperture: 1
   winSigma: 4.
   histogramNormType: 0
   L2HysThreshold: 0.20000000000000001
   gammaCorrection: 1
   nlevels: 64
   signedGradient: 0
   SVMDetector: [ -0.0201352052, -0.00457552914, -0.00920379441,
       -0.000219545924, -0.0335672908, 0.00585384807, -0.00135501777,
       0.00226074248, -0.0205752179, -0.0116557768, -0.00557690393,
       -0.0171790328, 0.00189267821, -0.0163410697, 0.00374093698,
       0.000444186851, 0.0165082067, 0.00282049528, -0.0130442409,
       -0.00331011508, 0.00707823597, 0.014420907, -0.0185729377,
       0.0101460777, -0.00758775929, -0.00407744013, -0.00531928521,
       0.0095494492, 0.0283326041, 0.00491661858, 0.023109043,
       -0.011116337, 0.0227814205, 0.0117631722, 0.0173727386,
       0.0177802611, -0.0119889174, -0.00897359941, -0.0196198709,
       -0.00454536732, -0.00899272971, -0.00388633064, -0.0138771385,
       0.00107227836, -0.00285901385, -0.0107443361, -0.00101299188,
       -0.00871197041, 0.017619051, -0.021291798, -0.00255159778,
       -0.0296641551, -0.0175845809, -0.00900549721, -0.0150098372,
       0.0176507905, 0.00816505309, 0.00924861059, -0.00348046306,
       0.00777086616, -0.00847581495, -0.0021900381, -0.00386232557,
       0.0114249326, 0.0270858966, 0.0176007748, 0.0292810984,
       0.00847394764, 0.000909811177, -0.0234574825, -0.0235267933,
       0.00626374641, -0.0137208281, -0.0128607964, -0.0176214837,
       6.29873757e-05, -0.0162365921, -0.00572500145, -0.0254784897,
       -0.0203540474, -0.00604583789, 0.00358163705, -0.00588846579,
       -0.0123154018, 0.00653996691, -0.0183822401, 0.0173671898,
       -0.0208957382, -0.0132167395, 0.00358462334, 0.0137107847,
       0.00689714076, 0.0018272493, 0.00375179504, -0.00050129497,
       -0.00524781179, -0.015950609, -0.0169721618, 0.0251191985,
       0.023110522, 0.0032741311, -0.0115908822, 0.0133068981,
       -0.00668850308, 0.0195592977, -0.0117196841, -0.00161217607,
       0.032928858, 0.0048982203, 0.000262716028, -0.00984917395,
       0.00745254895, -0.00949796103, 0.00338616129, -0.0210553799,
       -0.00867110491, -0.00236040656, -0.00327351736, 0.000919454731,
       -0.017911071, 0.020700356, -0.00380296097, 0.0142978951,
       -0.0139473956, -0.00810960121, -0.00792544894, 0.0107229576,
       -0.00649104547, -0.0218951181, 0.00630724337, 0.00545063103,
       0.0121551203, 0.00695577543, 0.0180006549, 0.00749099301,
       0.01078567, -0.0021950826, -0.00977286976, 0.0298811775,
       -0.0122042578, 0.0135118486, 0.00723398849, 0.0112240808,
       0.0115888231, 0.00560759008, 0.00598819274, 0.000838946784,
       0.0155634861, 0.00608617626, 0.0119052799, -0.0112313414,
       -0.0159755144, -0.00493449764, -6.38129932e-05, -0.00668995129,
       -0.0130728418, 0.00379639841, -0.00119824812, 0.00549840415,
       -0.00802430138, -0.00011195337, -0.00567530142, 0.00158669939,
       0.000423683785, 0.0109851174, 0.017072605, -0.00502383616,
       0.0026335225, -0.00511429366, -0.000806308235, -0.00100963889,
       -0.0140722943, 0.000550732191, -0.00388676231, 0.00607516291,
       -0.0131962979, -0.000477518333, 0.012328757, -0.00685981009,
       -0.014710349, -0.00861314125, -0.0115520861, -0.0196816996,
       0.0132585485, 0.00420267694, 0.0114861093, 0.0053114281,
       0.00503412308, -0.0100699728, -0.00411176076, -0.012227024,
       -0.0289178789, 0.00404007128, 0.00127806654, -0.00222608447,
       -0.0102549065, -0.0105805295, -0.0138479723, -0.00254720566,
       1.89469829e-05, -0.018742552, 0.0130188828, -0.0082475096,
       -0.000844519294, 0.0250365511, 0.014280363, -0.00902708061,
       -0.00986940786, -0.00985190831, -0.0232111234, 0.00436338084,
       -0.00980087742, -0.00977431424, 0.0101628825, 0.0125651145,
       -0.0118185254, -0.00125686894, -0.00276842271, -0.0100934841,
       0.010994927, -0.0019456161, 0.00286475872, -0.00284219952,
       -0.00626769848, -0.00868485775, -0.0218351576, -0.00294113555,
       0.00220225169, 0.00341484789, -0.0230214614, 0.00843165442,
       -0.0169477053, -0.0101050725, -0.0164791644, 0.0133587783,
       0.00389311602, -0.00669637788, 0.0165185574, 0.00465905014,
       0.00597813958, 0.0169412233, 0.0269176755, 0.0159035213,
       -0.0208061263, 0.0138789732, 0.0177360121, 0.0117214546,
       -0.0123682357, 0.020427933, -0.0156042753, 0.00546227116,
       -0.0176631063, -0.0124709187, -0.0115436008, -0.00691503333,
       -0.000376727839, -0.0143459262, -0.000276759674, -0.0136214821,
       -0.0193331968, -0.00974936783, -0.00918507297, 0.01022455,
       0.0103729432, -0.00708553614, -0.0271115527, 0.00434711622,
       -0.00920760538, -0.0160349365, -0.00452174293, 0.00611655135,
       0.0107625285, 0.00748724909, 0.0023764323, 0.0073239659,
       -0.00208399794, -0.00302639394, -0.00347253028, 0.00127273821,
       0.00463023921, 0.0258860588, 0.022280965, 0.0144633558,
       -0.00598482043, 0.00105615018, -0.0110929161, 0.00547270523,
       0.00907412358, -0.0260863341, 0.00551701849, 0.0111389598,
       -0.0132222464, -0.000345869339, -0.00168044039, -0.00586481858,
       -0.0060441345, -0.0147785777, -0.009763157, -0.00631063525,
       0.00682720542, -0.00280898297, 0.0145045528, -0.0025319499,
       -0.00718482072, -0.0141991144, -0.0183515958, -0.00542087387,
       -0.00416388968, -0.00383411953, -0.010430648, 0.0034726297,
       -0.00138508016, -0.00642113062, 0.000581767934, 0.00690715248,
       0.00419563288, 0.0172668956, 0.0180588886, -0.00358601147,
       0.0129413577, 0.00561246229, 0.0235578157, 0.00613243226,
       0.00392704224, -0.0104886284, -0.00868189242, -0.00556147518,
       -0.0182420593, -0.00156150409, -0.00824507885, -0.00587202236,
       -0.0151402969, -0.00462284079, 0.00732343039, -0.00989910495,
       -0.00194016064, 0.0103702387, 0.00512853544, -0.0056565539,
       0.00806899369, -0.000439020543, 0.0154771851, -0.00513103139,
       0.012101233, 0.00598300155, -0.00443182886, 0.0171162989,
       -0.00288344244, 0.018800538, -0.00775964931, -0.0087314304,
       0.0147555452, -0.00100321753, 0.0274185333, 0.0119574713,
       0.0164541602, 0.00356511259, 0.0225674547, 0.00357240741,
       0.0261670854, 0.00308581814, -0.0156184854, -0.0106411893,
       -0.00664632814, -0.00658412278, -0.018065555, 0.0143574933,
       0.00312094507, -0.00146906835, 0.00491626142, -0.0153327193,
       -0.00751917297, 0.00659832591, -0.0108924527, -0.00945455488,
       0.00302265445, 0.0120153362, 0.0100190854, 0.0164371002,
       -0.0177363679, 0.00781683624, -0.000797450659, 0.00183110335,
       -0.00693137432, 0.0323596857, 0.0135812918, 0.0188556351,
       0.00962899625, -0.00765209645, 0.0109950993, 0.0170036275,
       -0.00461879466, 0.00367818144, 0.0238950569, -0.00197144528,
       0.00415644422, 0.00726662111, -0.00393272424, 0.00300645176,
       0.00053185178, 0.00512539642, -0.0120350337, 0.00942376722,
       0.0107566612, 0.00970750395, -0.0117281945, -0.0016009598,
       -0.00476394361, -0.00646778941, -0.00744751422, -0.00269691367,
       0.00444315467, -0.0131782768, -0.0173230041, 0.0246819593,
       0.000485502125, 0.0162940063, -0.00389260729, 0.0124382023,
       0.000578073959, 0.0212195441, 0.00418050587, 0.0209797081,
       0.00206900714, -0.013978892, -0.0050350423, -0.00815052725,
       -0.00360948616, -0.0117677301, -0.000302981847, -0.00741401594,
       0.00360483071, -0.00973292161, -0.00612763548, -0.0117258802,
       -0.00244526216, -0.011098803, 0.00599961774, 0.0264350176,
       0.000330669835, -0.0162387211, -0.00497361878, -0.0108967982,
       -0.00998668838, -0.0145393396, -0.00893597584, -0.0155596836,
       0.00865648221, 0.0116435252, -0.00235867104, 0.00573820388,
       0.0055036163, 0.00573199429, 0.00589977438, -0.00556678744,
